6 0.56171875 0.6109375 0.1671875 0.15
3 0.86796875 0.665625 0.1296875 0.078125
3 0.44765625 0.63828125 0.0703125 0.0984375
3 0.3890625 0.63359375 0.090625 0.0890625
3 0.61875 0.490625 0.06875 0.08125
3 0.69296875 0.5375 0.0859375 0.046875
3 0.78515625 0.58203125 0.1109375 0.0859375
3 0.54609375 0.45 0.0890625 0.059375
3 0.41328125 0.5671875 0.1046875 0.059375
3 0.46484375 0.521875 0.0609375 0.065625
3 0.5859375 0.5453125 0.103125 0.05625
3 0.6796875 0.61015625 0.0875 0.1046875
3 0.7625 0.6796875 0.115625 0.0625
3 0.6578125 0.71171875 0.065625 0.1046875
3 0.5734375 0.71484375 0.1 0.0921875
3 0.47578125 0.4296875 0.0671875 0.040625
3 0.4140625 0.39765625 0.075 0.0484375
3 0.38203125 0.3578125 0.0796875 0.046875
3 0.31171875 0.503125 0.1046875 0.053125
6 0.409375 0.45390625 0.15 0.0828125
6 0.25234375 0.5484375 0.1515625 0.140625
6 0.13515625 0.396875 0.0984375 0.1375
3 0.30234375 0.4609375 0.0671875 0.05
3 0.2640625 0.37734375 0.040625 0.0703125
3 0.2953125 0.41640625 0.075 0.0328125
3 0.20703125 0.41328125 0.1015625 0.0515625
3 0.259375 0.45234375 0.09375 0.0453125
3 0.30078125 0.465625 0.0640625 0.05
3 0.325 0.37109375 0.096875 0.0640625
3 0.190625 0.465625 0.06875 0.05
3 0.14375 0.490625 0.0875 0.08125
3 0.0453125 0.36171875 0.08125 0.0328125
3 0.17734375 0.29765625 0.0796875 0.0453125
3 0.21953125 0.28203125 0.0671875 0.0546875
3 0.03046875 0.32109375 0.0578125 0.0484375
3 0.09609375 0.32421875 0.0578125 0.0484375
3 0.15859375 0.253125 0.0796875 0.03125
3 0.07734375 0.2875 0.0734375 0.046875
3 0.21328125 0.3484375 0.0828125 0.046875
0 0.46953125 0.50234375 0.9359375 0.5328125